"utility","installation_no","consumer_no","AMOUNT","ELECTRICITY_CHARGES","meter_rent","fixed_charges","credit_debit","opening_bal","closing_bal","current_Reading","previous_reading","arrears","last_updated_on","recharge","invoice"
SBPDCL,5002288029,108628460,33,25,0,8.0,0,352,319,6826,6822,0,2024-04-01T03:45:15Z,0,0
SBPDCL,5002288029,108628460,32,24,0,8.0,0,319,287,6831,6826,0,2024-04-02T08:06:27Z,0,0
SBPDCL,5002288029,108628460,32,24,0,8.0,0,287,256,6836,6831,0,2024-04-03T04:08:44Z,0,0
SBPDCL,5002288029,108628460,22,14,0,8.0,0,256,233,6839,6836,0,2024-04-04T05:52:56Z,0,0
SBPDCL,5002288029,108628460,32,24,0,8.0,0,233,202,6844,6839,0,2024-04-05T04:14:22Z,0,0
SBPDCL,5002288029,108628460,36,28,0,8.0,0,202,165,6850,6844,0,2024-04-06T07:02:05Z,0,0
SBPDCL,5002288029,108628460,27,19,0,8.0,0,165,139,6854,6850,0,2024-04-07T05:11:59Z,0,0
SBPDCL,5002288029,108628460,32,24,0,8.0,0,139,107,6859,6854,0,2024-04-08T04:07:26Z,0,0
SBPDCL,5002288029,108628460,32,24,0,8.0,0,107,75,6864,6859,0,2024-04-09T04:15:46Z,0,0
SBPDCL,5002288029,108628460,32,24,0,8.0,0,75,1044,6869,6864,0,2024-04-10T05:57:55Z,1000,0
SBPDCL,5002288029,108628460,8.0,0,0,8.0,0,1009,1001,,,0,2024-04-13T14:18:01Z,0,0
SBPDCL,5002288029,108628460,77,69,0,8.0,0,1001,924,6888,6873,0,2024-04-14T14:37:44Z,0,0
SBPDCL,5002288029,108628460,35,27,0,8.0,0,924,889,6894,6888,0,2024-04-15T05:43:36Z,0,0
SBPDCL,5002288029,108628460,31,23,0,8.0,0,889,858,6899,6894,0,2024-04-16T08:57:13Z,0,0
SBPDCL,5002288029,108628460,26,18,0,8.0,0,858,832,6903,6899,0,2024-04-17T04:57:13Z,0,0
SBPDCL,5002288029,108628460,35,27,0,8.0,0,832,796,6909,6903,0,2024-04-18T06:04:57Z,0,0
SBPDCL,5002288029,108628460,31,23,0,8.0,0,796,765,6914,6909,0,2024-04-19T08:21:45Z,0,0
SBPDCL,5002288029,108628460,35,27,0,8.0,0,765,730,6920,6914,0,2024-04-20T07:10:03Z,0,0
SBPDCL,5002288029,108628460,31,23,0,8.0,0,730,699,6925,6920,0,2024-04-21T04:52:37Z,0,0
SBPDCL,5002288029,108628460,55,47,0,8.0,0,699,644,6933,6925,0,2024-04-22T07:38:29Z,0,0
SBPDCL,5002288029,108628460,38,30,0,8.0,0,644,606,6938,6933,0,2024-04-23T07:56:41Z,0,0
SBPDCL,5002288029,108628460,38,30,0,8.0,0,606,602,6943,6938,0,2024-04-24T06:30:12Z,0,35
SBPDCL,5002288029,108628460,38,30,0,8.0,0,602,564,6948,6943,0,2024-04-25T05:29:15Z,0,0
SBPDCL,5002288029,108628460,50,42,0,8.0,0,564,514,6955,6948,0,2024-04-26T08:01:00Z,0,0
SBPDCL,5002288029,108628460,56,48,0,8.0,0,514,457,6963,6955,0,2024-04-27T05:56:23Z,0,0
SBPDCL,5002288029,108628460,8.0,0,0,8.0,0,457,449,,,0,2024-04-28T13:32:08Z,0,0
SBPDCL,5002288029,108628460,129,121,0,8.0,0,449,1320,6983,6963,0,2024-04-29T08:38:34Z,1000,0
SBPDCL,5002288029,108628460,75,67,0,8.0,0,1320,1245,6994,6983,0,2024-04-30T04:37:55Z,0,0
SBPDCL,5002288029,108628460,75,67,0,8.0,0,1245,1171,7005,6994,0,2024-05-01T06:57:00Z,0,0
SBPDCL,5002288029,108628460,63,55,0,8.0,0,1171,1108,7017,7005,0,2024-05-02T05:06:46Z,0,0
SBPDCL,5002288029,108628460,8.0,0,0,8.0,0,1108,1100,,,0,2024-05-03T13:32:30Z,0,0
SBPDCL,5002288029,108628460,8.0,0,0,8.0,0,1100,1092,,,0,2024-05-04T13:31:39Z,0,0
SBPDCL,5002288029,108628460,8.0,0,0,8.0,0,1092,1084,,,0,2024-05-05T13:32:22Z,0,0
SBPDCL,5002288029,108628460,8.0,0,0,8.0,0,1084,1076,,,0,2024-05-06T13:31:38Z,0,0
SBPDCL,5002288029,108628460,8.0,0,0,8.0,0,1076,1068,,,0,2024-05-07T13:35:50Z,0,0
SBPDCL,5002288029,108628460,8.0,0,0,8.0,0,1068,1060,,,0,2024-05-08T13:39:46Z,0,0
SBPDCL,5002288029,108628460,8.0,0,0,8.0,0,1060,1052,,,0,2024-05-09T13:34:36Z,0,0
SBPDCL,5002288029,108628460,8.0,0,0,8.0,0,1052,1044,,,0,2024-05-10T13:44:11Z,0,0
SBPDCL,5002288029,108628460,8.0,0,0,8.0,0,1044,1036,,,0,2024-05-11T13:31:47Z,0,0
SBPDCL,5002288029,108628460,8.0,0,0,8.0,0,481,473,,,0,2024-05-19T13:39:39Z,0,0
SBPDCL,5002288029,108628460,135,127,0,8.0,0,473,337,7142,7121,0,2024-05-20T12:26:54Z,0,0
SBPDCL,5002288029,108628460,56,48,0,8.0,0,337,281,7150,7142,0,2024-05-21T05:16:18Z,0,0
SBPDCL,5002288029,108628460,44,36,0,8.0,0,281,236,7156,7150,0,2024-05-22T03:35:24Z,0,0
SBPDCL,5002288029,108628460,101,85,0,16,0,236,674,7170,7156,0,2024-05-24T13:54:43Z,500,38
SBPDCL,5002288029,108628460,75,67,0,8.0,0,674,599,7181,7170,0,2024-05-25T05:49:40Z,0,0
SBPDCL,5002288029,108628460,50,42,0,8.0,0,599,549,7188,7181,0,2024-05-26T05:41:49Z,0,0
SBPDCL,5002288029,108628460,81,73,0,8.0,0,468,387,7212,7200,0,2024-05-28T14:43:39Z,0,0
SBPDCL,5002288029,108628460,75,67,0,8.0,0,387,312,7223,7212,0,2024-05-29T06:03:04Z,0,0
SBPDCL,5002288029,108628460,105,97,0,8.0,0,312,1207,7239,7223,0,2024-05-30T13:37:36Z,1000,0
SBPDCL,5002288029,108628460,105,97,0,8.0,0,1207,1102,7255,7239,0,2024-05-31T04:42:22Z,0,0
SBPDCL,5002288029,108628460,63,55,0,8.0,0,1102,1040,7264,7255,0,2024-06-01T09:17:10Z,0,0
SBPDCL,5002288029,108628460,63,55,0,8.0,0,1040,977,7276,7264,0,2024-06-02T09:56:24Z,0,0
SBPDCL,5002288029,108628460,49,41,0,8.0,0,977,928,7285,7276,0,2024-06-03T13:02:21Z,0,0
SBPDCL,5002288029,108628460,45,37,0,8.0,0,928,883,7293,7285,0,2024-06-04T14:17:11Z,0,0
SBPDCL,5002288029,108628460,72,64,0,8.0,0,883,811,7307,7293,0,2024-06-05T05:36:54Z,0,0
SBPDCL,5002288029,108628460,89,73,0,16,0,811,722,7323,7307,0,2024-06-07T15:30:41Z,0,0
SBPDCL,5002288029,108628460,49,41,0,8.0,0,722,673,7332,7323,0,2024-06-08T06:33:17Z,0,0
SBPDCL,5002288029,108628460,67,59,0,8.0,0,673,606,7345,7332,0,2024-06-09T04:19:33Z,0,0
SBPDCL,5002288029,108628460,143,135,0,8.0,0,598,454,7372,7345,0,2024-06-11T07:23:54Z,0,0
SBPDCL,5002288029,108628460,81,73,0,8.0,0,454,374,7384,7372,0,2024-06-12T13:38:21Z,0,0
SBPDCL,5002288029,108628460,8.0,0,0,8.0,0,374,366,,,0,2024-06-13T16:15:27Z,0,0
SBPDCL,5002288029,108628460,184,176,0,8.0,0,366,1182,7413,7384,0,2024-06-14T02:48:04Z,1000,0
SBPDCL,5002288029,108628460,75,67,0,8.0,0,1182,1107,7424,7413,0,2024-06-15T03:52:06Z,0,0
SBPDCL,5002288029,108628460,87,79,0,8.0,0,1107,1020,7437,7424,0,2024-06-16T13:44:25Z,0,0
SBPDCL,5002288029,108628460,99,91,0,8.0,0,1020,921,7452,7437,0,2024-06-17T13:44:44Z,0,0
SBPDCL,5002288029,108628460,105,97,0,8.0,0,921,816,7468,7452,0,2024-06-18T07:05:42Z,0,0
SBPDCL,5002288029,108628460,69,61,0,8.0,0,816,748,7478,7468,0,2024-06-19T03:42:44Z,0,0
SBPDCL,5002288029,108628460,63,55,0,8.0,0,748,685,7487,7478,0,2024-06-20T03:58:54Z,0,0
SBPDCL,5002288029,108628460,44,36,0,8.0,0,685,641,7493,7487,0,2024-06-21T06:41:50Z,0,0
SBPDCL,5002288029,108628460,44,36,0,8.0,0,641,597,7499,7493,0,2024-06-22T19:31:01Z,0,0
SBPDCL,5002288029,108628460,16,0,0,16,0,597,581,,,0,2024-06-24T00:34:33Z,0,0
SBPDCL,5002288029,108628460,153,145,0,8.0,0,631,478,7523,7499,0,2024-06-25T04:39:41Z,0,0
SBPDCL,5002288029,108628460,81,73,0,8.0,0,478,397,7535,7523,0,2024-06-26T03:56:41Z,0,0
SBPDCL,5002288029,108628460,44,36,0,8.0,0,397,353,7541,7535,0,2024-06-27T15:46:58Z,0,0
SBPDCL,5002288029,108628460,50,42,0,8.0,0,353,302,7548,7541,0,2024-06-28T05:12:47Z,0,0
SBPDCL,5002288029,108628460,44,36,0,8.0,0,302,258,7554,7548,0,2024-06-29T04:30:35Z,0,0
SBPDCL,5002288029,108628460,50,42,0,8.0,0,258,208,7561,7554,0,2024-06-30T05:07:31Z,0,0
SBPDCL,5002288029,108628460,44,36,0,8.0,0,208,163,7567,7561,0,2024-07-01T10:15:35Z,0,0
SBPDCL,5002288029,108628460,35,27,0,8.0,0,163,128,7573,7567,0,2024-07-02T10:16:17Z,0,0
SBPDCL,5002288029,108628460,35,27,0,8.0,0,128,92,7579,7573,0,2024-07-03T05:08:48Z,0,0
SBPDCL,5002288029,108628460,35,27,0,8.0,0,1092,1057,7585,7579,0,2024-07-04T05:52:18Z,0,0
SBPDCL,5002288029,108628460,35,27,0,8.0,0,1057,1021,7591,7585,0,2024-07-05T05:22:09Z,0,0
SBPDCL,5002288029,108628460,35,27,0,8.0,0,1021,1021,7591,7585,0,2024-07-05T05:22:09Z,0,0
SBPDCL,5002288029,108628460,16,0,0,16,0,1021,1005,,,0,2024-07-07T13:50:01Z,0,0

